52838
14206
47574
86686
87021
1336
10341
95112
63662
74504
72721
25310
64878
73718
96528
75679
20917
12267
36137
93220
53760
42223
1179
64586
47521
87184
68852
91460
27498
14296
43176
16266
65634
78891
95293
38832
67228
80151
5927
96529
10841
29934
76417
10467
62025
42123
46515
76541
62176
16036
31129
37587
52838
64782
85524
80682
10294
78024
45341
97318
420
15649
30433
71514
57407
14206
75474
90194
45156
47574
20195
96310
21647
81242
4197
95120
51511
41840
99675
33108
3643
86058
16886
10023
73080
1663
36465
9110
89772
88401
72418
44906
69489
67344
86686
1151
71113
77630
32762
25170
33306
81560
74683
12776
56727
69809
87021
55064
44535
29102
11611
53136
65128
88608
17079
98337
71107
26305
28554
19133
83752
76782
42947
508
48926
58491
56778
77641
49194
1336
41204
32568
63362
41954
46476
32054
74071
70031
35217
13392
50704
69523
55023
10341
75674
45225
62188
84456
309
15883
26785
99242
5190
24047
77137
92986
7644
76843
89684
17870
78269
52837
83072
55960
19260
4932
3466
32036
69892
9352
51785
27457
73419
73382
91730
224
44932
91703
3398
20211
49972
1968
40724
62643
72703
64919
369
56582
80948
95850
11624
76856
53484
89865
67073
37826
73826
81789
61891
95177
2359
95112
423
78888
63662
44594
74504
95221
74166
6728
93810
71197
37592
72721
16397
83666
25310
5510
87774
41000
72832
37251
19013
77062
70372
64878
13105
35702
22645
69166
20732
78642
3014
17711
67850
40340
24585
73105
96528
34411
22873
28213
97363
32889
56505
78610
39980
50457
77475
52316
96847
9517
17507
5264
35502
497
19356
81188
21554
1687
53006
49965
4360
84378
2730
32139
31722
86119
10861
26002
57176
34663
91128
6610
76866
62117
60101
63446
68874
92419
56780
75679
22784
41067
81935
54731
8427
45728
86948
6144
28035
749
55960
54551
35102
68604
84347
56899
92330
68591
76841
32806
43235
15319
74999
67699
69892
18021
26063
67691
76523
43
77760
13733
63042
14751
95760
2044
56146
96524
74319
2376
66938
57924
76319
41424
59948
20917
34864
64764
11737
37133
76067
78500
57812
11580
12267
20318
73718
82337
72488
68713
43972
52527
72657
12584
34607
60138
88388
36410
78900
2228
65862
30120
9535
35005
74928
40931
8133
50690
75203
22899
89413
95192
36137
32027
47903
42008
44063
27455
63638
70935
96082
27657
50432
55227
87107
3326
26457
59081
77152
7461
63939
86846
11501
19789
83242
45056
80827
75951
67099
48034
60185
78437
99525
43287
15019
5433
35595
94709
31655
44457
20665
93220
42374
41569
24442
41049
17348
53760
78471
64949
8023
69077
60191
12049
21169
1179
36588
85937
7957
33591
42223
42211
25044
54398
45015
87444
33762
59397
58822
57102
26505
29530
86861
61801
78536
72138
81233
75683
29726
92524
84095
64586
83987
24061
53988
87184
48452
47521
62454
20689
38745
82469
92691
98228
54182
72642
47376
53126
10325
72042
49853
25282
60412
77759
14296
58562
82702
78062
56248
43039
98279
62520
80625
65983
91460
54392
69496
18392
66856
61747
6289
17676
61312
27498
77093
80521
20819
57072
47298
50188
6863
10686
78398
63253
76752
97651
58645
43176
80247
49205
20403
82509
85665
80913
75858
95071
64790
27204
43649
96252
59726
16266
183
31824
50222
68852
83926
62726
88719
46499
95293
80761
88588
24700
3060
47941
12580
67228
38832
72002
78891
65731
65634
96529
23102
41736
49829
3777
58337
17170
74274
6336
39741
65302
27159
20676
37754
41971
47283
88164
89850
54136
83817
44799
66086
4190
36631
30145
24575
43379
85054
61843
91878
39971
22860
62057
10841
46302
38221
19728
88722
39841
76417
42123
56039
93450
59386
33239
87149
79785
78658
76412
48772
77555
40183
28025
70641
62025
7936
54201
29934
87877
8273
42310
9475
15133
45747
58894
10467
62706
76541
42559
16036
31159
39980
53229
16762
46515
62641
31129
34744
88986
70399
64782
47093
33743
43589
52324
35516
5927
6011
85524
96098
12938
62176
78110
43934
10294
45211
77988
24657
56221
3331
78024
77469
50603
80682
34238
56000
97318
94734
8165
56592
98729
40951
90771
30433
51527
39841
62585
96242
15435
420
98931
3983
32542
37587
57407
71514
58641
35972
86978
22782
84445
99271
90194
86401
31136
23614
50209
75474
22691
15649
47989
10770
45156
59037
96310
4197
62669
74912
42068
81242
59524
47058
24161
90511
52884
52940
85156
20225
49510
80151
71068
80402
73523
49133
41840
58275
5927
95449
95120
90211
54678
68109
45315
25528
98218
94769
43827
25992
91146
45322
36727
99675
63657
51511
93375
3643
49680
45418
25697
61229
52607
16886
53053
5550
36753
71025
85145
30586
77827
45341
71670
96822
41934
71349
58920
10023
23690
15693
83637
5084
82935
20195
82248
86058
61834
18763
73080
64388
57714
33108
21760
20164
35254
54091
65604
5215
21647
72418
91342
97260
82580
32022
13932
47798
82616
98924
52234
67710
37398
20562
92985
44906
88401
1663
14721
68528
36465
71113
89772
9110
89025
69489
36879
6707
33306
22711
45172
81560
747
46574
47152
11980
6763
11830
74683
12776
403
69809
25170
81471
56727
1151
15359
72200
44837
49407
32762
38272
36571
44535
49919
53136
17079
80548
37361
21311
9266
67344
77630
23477
71229
62173
70898
24392
83285
47137
29102
87672
5621
21166
28522
22687
26305
79011
19133
28537
71107
82104
89126
61550
57474
85403
88608
60690
83779
32827
91927
64467
79254
29103
65153
40923
77731
33489
83752
56238
27186
55064
48926
26859
23037
78987
21605
65128
20493
41560
28554
11611
26713
44224
98337
60057
76782
56778
32090
63362
28765
81797
42130
74595
81566
81440
20354
25687
32568
25529
47284
41422
58491
85694
508
77934
97960
97540
67884
57967
19855
46476
58281
49194
50704
14154
69429
29417
42947
58510
75674
82228
37713
41204
98119
59206
309
55023
47391
3567
74071
1829
99242
67157
16622
98001
69523
68845
27136
13392
15883
52007
5190
6556
62044
7644
91182
32054
387
73565
47501
33651
96918
37804
84456
77137
26548
80330
13710
6345
76843
90926
85968
74347
95900
27531
63459
83019
91896
43287
89684
96976
70031
83072
55238
72667
83373
26785
24047
31091
19260
35165
41954
69892
49677
27175
51785
95618
73382
92621
55960
13038
27147
90856
37031
61957
21530
9352
91730
78269
53114
98642
21887
84757
71064
65617
73071
9770
35217
97867
28882
91703
24694
47258
14560
44261
18622
20856
3466
47442
4932
34802
93685
3398
96663
49564
75851
68275
44932
1968
92986
93286
99542
65412
97043
35956
53142
61540
49972
7160
44521
4491
35061
34169
42092
16247
46577
38111
77443
84214
555
85943
77641
4682
224
89858
61630
39194
27457
11582
27872
27967
97208
55915
69614
83680
54131
47057
43181
369
17652
4941
45225
51880
50424
16335
62643
96176
42459
10089
21382
95850
62188
74146
72703
21580
40724
80948
34594
21587
75455
64788
67073
21721
51329
18427
77222
91852
51758
56582
21826
49873
2359
50980
20211
71782
61891
48190
16254
14998
95177
78888
44594
423
74166
26119
37645
42879
95221
21594
64919
61974
73617
71197
37111
85646
37826
59482
83666
34427
53484
79813
80916
73117
84255
83199
53339
6728
99786
79159
1468
28674
76991
76856
49428
63414
37592
71517
16397
89865
51007
41000
11624
19013
16668
81789
5510
77062
71876
31648
69166
70757
47839
85548
137
62338
20732
15416
17870
93810
96686
72832
17711
72463
7173
13105
3014
56558
70372
32946
22645
51248
5836
73105
87774
35702
60964
65970
46426
34411
23609
22873
47900
67850
98758
97363
3887
10273
77475
44806
1297
4487
32889
37251
39980
20202
56505
35502
78642
52837
78610
57740
29910
24585
50457
32036
52316
1687
45895
83293
497
80201
17507
49965
19356
58739
86742
21554
40340
5264
29861
53006
25755
41283
32139
65486
31722
6610
60282
18882
22027
86119
81188
26002
30173
73826
93066
2730
10861
28213
92419
76866
41067
62117
56780
60101
63446
73419
91128
8427
749
55960
35102
86948
3946
23382
51008
96847
45728
54551
75290
54731
84347
81935
28035
15319
74999
67699
16073
68604
67691
76523
43
43470
22784
54817
92330
77760
68591
26063
9517
14751
2044
96524
18021
74319
84378
2376
56899
54770
57176
41424
66938
32806
6144
59948
63042
56146
57924
13733
64764
41724
57812
76319
20318
68713
76841
34864
76067
16696
11580
34607
88553
78500
52527
72488
68874
60138
65862
12584
78900
43972
82337
4360
74928
40931
34663
8133
35005
75203
9535
2228
32027
44063
11737
27455
22899
70935
95192
30120
50432
63638
55227
42008
36410
59081
77152
26457
50690
27657
96082
89413
7461
87107
45056
69892
75951
63939
11501
83242
80827
3326
47903
67099
43235
78437
43287
94709
44457
41569
35595
37133
5433
17348
78471
64949
8023
42374
60185
69077
95760
41049
60191
7957
15019
85937
36588
21169
42211
72657
86846
45015
24442
54398
88388
31655
58822
25044
29530
87444
86861
78536
12049
61801
99525
72138
29726
20665
75683
24061
33591
84095
59397
83987
62454
26505
48034
92691
92524
33762
48452
72642
19789
98228
10325
60412
47376
53126
57102
58562
20689
78062
54182
49853
25282
56248
43039
18392
77759
38745
81233
82702
6289
82469
66856
98279
61312
54392
80625
47298
77093
17676
20819
80521
63253
50188
72042
58645
61747
97651
10686
20403
85665
69496
62520
80247
76752
57072
75858
95071
6863
53988
49205
80913
59726
183
64790
83926
96252
65983
50222
31824
3060
62726
88719
80761
24700
43649
27204
41736
3777
88588
46499
65302
12580
27159
78398
65731
41971
74274
82509
20676
37754
66086
89850
47283
54136
4190
83817
23102
88164
24575
72002
49829
17170
30145
47941
36631
62057
58337
46302
91878
19728
39971
44799
88722
6336
85054
39741
38221
93450
22860
79785
28025
48772
77555
78658
59386
70641
61843
76412
54201
43379
42310
58894
40183
62706
7936
39841
15133
87877
39980
31159
87149
56039
88986
8273
9475
45747
70399
33239
42559
35516
53229
96098
34744
33743
78110
6011
47093
52324
43934
3331
16762
62641
24657
43589
56221
98729
12938
56000
90771
34238
39841
40951
77988
51527
45211
77469
96242
35972
58641
86978
94734
84445
86401
56592
62585
3983
31136
32542
99271
47989
23614
8165
50209
62669
22691
98931
10770
74912
59524
47058
42068
15435
22782
52940
24161
73523
49133
50603
58275
49510
71068
52884
90511
25528
54678
68109
98218
80402
59037
5927
95449
94769
36727
93375
25992
25697
61229
45315
49680
90211
43827
5550
36753
85156
30586
53053
91146
52607
45418
96822
63657
45322
41934
15693
83637
85145
71670
5084
61834
71025
82248
77827
23690
64388
57714
20225
20164
71349
65604
97260
21760
18763
5215
32022
82580
98924
47798
13932
67710
52234
82616
6707
58920
37398
36879
22711
92985
747
20562
14721
91342
54091
68528
403
45172
49407
6763
47152
89025
81471
44837
11980
72200
80548
37361
82935
46574
71229
35254
49919
11830
36571
23477
47137
5621
62173
28522
87672
28537
79011
9266
83285
38272
15359
21311
82104
61550
89126
24392
22687
32827
29103
70898
85403
21166
83779
77731
60690
26859
57474
79254
65153
27186
56238
21605
33489
23037
20493
40923
44224
28765
60057
41560
32090
64467
81797
42130
74595
78987
81566
25529
41422
26713
20354
85694
25687
19855
81440
14154
77934
97540
97960
29417
57967
58281
91927
82228
69429
59206
58510
16622
47391
3567
37713
47284
1829
67884
62044
6556
68845
52007
98119
98001
387
37804
67157
96918
80330
26548
6345
91182
47501
13710
74347
95900
27531
27136
91896
73565
90926
55238
43287
96976
63459
33651
83373
85968
72667
92621
83019
31091
27175
61957
21530
35165
98642
95618
49677
53114
90856
13038
27147
71064
84757
28882
73071
9770
37031
14560
24694
20856
44261
34802
47258
47442
21887
93685
75851
49564
68275
93286
65412
97867
97043
35956
99542
53142
61540
34169
4491
96663
44521
7160
16247
77443
84214
38111
65617
555
4682
85943
39194
61630
11582
27872
18622
97208
69614
54131
43181
27967
17652
35061
4941
42092
83680
55915
47057
51880
96176
42459
46577
89858
21580
50424
34594
21587
64788
21721
77222
18427
74146
91852
75455
51758
16335
21382
21826
51329
49873
50980
71782
16254
42879
48190
10089
14998
61974
21594
26119
73617
37645
59482
34427
73117
37111
79813
80916
85646
84255
83199
79159
1468
28674
53339
63414
99786
49428
76991
31648
51007
71517
70757
16668
47839
62338
137
85548
96686
72463
15416
7173
32946
56558
71876
60964
65970
23609
51248
46426
5836
98758
47900
10273
1297
20202
3887
57740
29910
4487
45895
44806
83293
86742
80201
29861
41283
65486
60282
25755
58739
22027
18882
30173
93066
3946
23382
51008
75290
16073
43470
54817
54770
41724
16696
88553
